Estimated radiative forcings from individual components: 
  4) land use/land cover change 
for the PMIP period, 850-2000 CE.

Values are nominally adjusted forcings (W/m2) at the TOA, but specific
calulations using GCMs may give somewhat different results. The
baseline for each calculations is noted below. 

Sources, and calculation methodology from Schmidt et al (2010)
"Climate forcing reconstructions for use in PMIP simulations of the
Last Millennium (version 1.0)".


4) Land use/Land Cover change (to 1992) (baseline pristine conditions)
850 -0.0121942
851 -0.012208
852 -0.0122218
853 -0.0122356
854 -0.0122495
855 -0.0122633
856 -0.0122771
857 -0.0122909
858 -0.0123047
859 -0.0123185
860 -0.0123323
861 -0.0123462
862 -0.01236
863 -0.0123738
864 -0.0123876
865 -0.0124014
866 -0.0124152
867 -0.012429
868 -0.0124429
869 -0.0124567
870 -0.0124705
871 -0.0124843
872 -0.0124981
873 -0.0125119
874 -0.0125257
875 -0.0125396
876 -0.0125534
877 -0.0125672
878 -0.012581
879 -0.0125948
880 -0.0126086
881 -0.0126224
882 -0.0126362
883 -0.0126501
884 -0.0126639
885 -0.0126777
886 -0.0126915
887 -0.0127053
888 -0.0127191
889 -0.0127329
890 -0.0127468
891 -0.0127606
892 -0.0127744
893 -0.0127882
894 -0.012802
895 -0.0128158
896 -0.0128296
897 -0.0128435
898 -0.0128573
899 -0.0128711
900 -0.0128849
901 -0.012899
902 -0.012913
903 -0.0129271
904 -0.0129412
905 -0.0129553
906 -0.0129693
907 -0.0129834
908 -0.0129975
909 -0.0130116
910 -0.0130256
911 -0.0130397
912 -0.0130538
913 -0.0130679
914 -0.0130819
915 -0.013096
916 -0.0131101
917 -0.0131242
918 -0.0131382
919 -0.0131523
920 -0.0131664
921 -0.0131805
922 -0.0131945
923 -0.0132086
924 -0.0132227
925 -0.0132368
926 -0.0132508
927 -0.0132649
928 -0.013279
929 -0.013293
930 -0.0133071
931 -0.0133212
932 -0.0133353
933 -0.0133493
934 -0.0133634
935 -0.0133775
936 -0.0133916
937 -0.0134056
938 -0.0134197
939 -0.0134338
940 -0.0134479
941 -0.0134619
942 -0.013476
943 -0.0134901
944 -0.0135042
945 -0.0135182
946 -0.0135323
947 -0.0135464
948 -0.0135605
949 -0.0135745
950 -0.0135886
951 -0.0136027
952 -0.0136167
953 -0.0136308
954 -0.0136449
955 -0.013659
956 -0.013673
957 -0.0136871
958 -0.0137012
959 -0.0137153
960 -0.0137293
961 -0.0137434
962 -0.0137575
963 -0.0137716
964 -0.0137856
965 -0.0137997
966 -0.0138138
967 -0.0138279
968 -0.0138419
969 -0.013856
970 -0.0138701
971 -0.0138842
972 -0.0138982
973 -0.0139123
974 -0.0139264
975 -0.0139405
976 -0.0139545
977 -0.0139686
978 -0.0139827
979 -0.0139967
980 -0.0140108
981 -0.0140249
982 -0.014039
983 -0.014053
984 -0.0140671
985 -0.0140812
986 -0.0140953
987 -0.0141093
988 -0.0141234
989 -0.0141375
990 -0.0141516
991 -0.0141656
992 -0.0141797
993 -0.0141938
994 -0.0142079
995 -0.0142219
996 -0.014236
997 -0.0142501
998 -0.0142642
999 -0.0142782
1000 -0.0142923
1001 -0.0143166
1002 -0.0143409
1003 -0.0143653
1004 -0.0143896
1005 -0.0144139
1006 -0.0144382
1007 -0.0144625
1008 -0.0144868
1009 -0.0145112
1010 -0.0145355
1011 -0.0145598
1012 -0.0145841
1013 -0.0146084
1014 -0.0146327
1015 -0.0146571
1016 -0.0146814
1017 -0.0147057
1018 -0.01473
1019 -0.0147543
1020 -0.0147786
1021 -0.014803
1022 -0.0148273
1023 -0.0148516
1024 -0.0148759
1025 -0.0149002
1026 -0.0149245
1027 -0.0149489
1028 -0.0149732
1029 -0.0149975
1030 -0.0150218
1031 -0.0150461
1032 -0.0150704
1033 -0.0150948
1034 -0.0151191
1035 -0.0151434
1036 -0.0151677
1037 -0.015192
1038 -0.0152163
1039 -0.0152407
1040 -0.015265
1041 -0.0152893
1042 -0.0153136
1043 -0.0153379
1044 -0.0153622
1045 -0.0153866
1046 -0.0154109
1047 -0.0154352
1048 -0.0154595
1049 -0.0154838
1050 -0.0155082
1051 -0.0155325
1052 -0.0155568
1053 -0.0155811
1054 -0.0156054
1055 -0.0156297
1056 -0.0156541
1057 -0.0156784
1058 -0.0157027
1059 -0.015727
1060 -0.0157513
1061 -0.0157756
1062 -0.0158
1063 -0.0158243
1064 -0.0158486
1065 -0.0158729
1066 -0.0158972
1067 -0.0159215
1068 -0.0159459
1069 -0.0159702
1070 -0.0159945
1071 -0.0160188
1072 -0.0160431
1073 -0.0160674
1074 -0.0160918
1075 -0.0161161
1076 -0.0161404
1077 -0.0161647
1078 -0.016189
1079 -0.0162133
1080 -0.0162377
1081 -0.016262
1082 -0.0162863
1083 -0.0163106
1084 -0.0163349
1085 -0.0163592
1086 -0.0163836
1087 -0.0164079
1088 -0.0164322
1089 -0.0164565
1090 -0.0164808
1091 -0.0165051
1092 -0.0165295
1093 -0.0165538
1094 -0.0165781
1095 -0.0166024
1096 -0.0166267
1097 -0.016651
1098 -0.0166754
1099 -0.0166997
1100 -0.016724
1101 -0.0167447
1102 -0.0167655
1103 -0.0167862
1104 -0.016807
1105 -0.0168277
1106 -0.0168485
1107 -0.0168692
1108 -0.01689
1109 -0.0169107
1110 -0.0169315
1111 -0.0169522
1112 -0.016973
1113 -0.0169937
1114 -0.0170145
1115 -0.0170352
1116 -0.017056
1117 -0.0170767
1118 -0.0170975
1119 -0.0171182
1120 -0.017139
1121 -0.0171597
1122 -0.0171805
1123 -0.0172012
1124 -0.017222
1125 -0.0172427
1126 -0.0172634
1127 -0.0172842
1128 -0.0173049
1129 -0.0173257
1130 -0.0173464
1131 -0.0173672
1132 -0.0173879
1133 -0.0174087
1134 -0.0174294
1135 -0.0174502
1136 -0.0174709
1137 -0.0174917
1138 -0.0175124
1139 -0.0175332
1140 -0.0175539
1141 -0.0175747
1142 -0.0175954
1143 -0.0176162
1144 -0.0176369
1145 -0.0176577
1146 -0.0176784
1147 -0.0176992
1148 -0.0177199
1149 -0.0177407
1150 -0.0177614
1151 -0.0177821
1152 -0.0178029
1153 -0.0178236
1154 -0.0178444
1155 -0.0178651
1156 -0.0178859
1157 -0.0179066
1158 -0.0179274
1159 -0.0179481
1160 -0.0179689
1161 -0.0179896
1162 -0.0180104
1163 -0.0180311
1164 -0.0180519
1165 -0.0180726
1166 -0.0180934
1167 -0.0181141
1168 -0.0181349
1169 -0.0181556
1170 -0.0181764
1171 -0.0181971
1172 -0.0182179
1173 -0.0182386
1174 -0.0182594
1175 -0.0182801
1176 -0.0183008
1177 -0.0183216
1178 -0.0183423
1179 -0.0183631
1180 -0.0183838
1181 -0.0184046
1182 -0.0184253
1183 -0.0184461
1184 -0.0184668
1185 -0.0184876
1186 -0.0185083
1187 -0.0185291
1188 -0.0185498
1189 -0.0185706
1190 -0.0185913
1191 -0.0186121
1192 -0.0186328
1193 -0.0186536
1194 -0.0186743
1195 -0.0186951
1196 -0.0187158
1197 -0.0187366
1198 -0.0187573
1199 -0.0187781
1200 -0.0187988
1201 -0.0188107
1202 -0.0188226
1203 -0.0188344
1204 -0.0188463
1205 -0.0188582
1206 -0.0188701
1207 -0.018882
1208 -0.0188938
1209 -0.0189057
1210 -0.0189176
1211 -0.0189295
1212 -0.0189414
1213 -0.0189533
1214 -0.0189651
1215 -0.018977
1216 -0.0189889
1217 -0.0190008
1218 -0.0190127
1219 -0.0190245
1220 -0.0190364
1221 -0.0190483
1222 -0.0190602
1223 -0.0190721
1224 -0.0190839
1225 -0.0190958
1226 -0.0191077
1227 -0.0191196
1228 -0.0191315
1229 -0.0191433
1230 -0.0191552
1231 -0.0191671
1232 -0.019179
1233 -0.0191909
1234 -0.0192028
1235 -0.0192146
1236 -0.0192265
1237 -0.0192384
1238 -0.0192503
1239 -0.0192622
1240 -0.019274
1241 -0.0192859
1242 -0.0192978
1243 -0.0193097
1244 -0.0193216
1245 -0.0193334
1246 -0.0193453
1247 -0.0193572
1248 -0.0193691
1249 -0.019381
1250 -0.0193928
1251 -0.0194047
1252 -0.0194166
1253 -0.0194285
1254 -0.0194404
1255 -0.0194523
1256 -0.0194641
1257 -0.019476
1258 -0.0194879
1259 -0.0194998
1260 -0.0195117
1261 -0.0195235
1262 -0.0195354
1263 -0.0195473
1264 -0.0195592
1265 -0.0195711
1266 -0.0195829
1267 -0.0195948
1268 -0.0196067
1269 -0.0196186
1270 -0.0196305
1271 -0.0196424
1272 -0.0196542
1273 -0.0196661
1274 -0.019678
1275 -0.0196899
1276 -0.0197018
1277 -0.0197136
1278 -0.0197255
1279 -0.0197374
1280 -0.0197493
1281 -0.0197612
1282 -0.019773
1283 -0.0197849
1284 -0.0197968
1285 -0.0198087
1286 -0.0198206
1287 -0.0198324
1288 -0.0198443
1289 -0.0198562
1290 -0.0198681
1291 -0.01988
1292 -0.0198919
1293 -0.0199037
1294 -0.0199156
1295 -0.0199275
1296 -0.0199394
1297 -0.0199513
1298 -0.0199631
1299 -0.019975
1300 -0.0199869
1301 -0.0200077
1302 -0.0200285
1303 -0.0200494
1304 -0.0200702
1305 -0.020091
1306 -0.0201118
1307 -0.0201326
1308 -0.0201535
1309 -0.0201743
1310 -0.0201951
1311 -0.0202159
1312 -0.0202368
1313 -0.0202576
1314 -0.0202784
1315 -0.0202992
1316 -0.02032
1317 -0.0203409
1318 -0.0203617
1319 -0.0203825
1320 -0.0204033
1321 -0.0204241
1322 -0.020445
1323 -0.0204658
1324 -0.0204866
1325 -0.0205074
1326 -0.0205283
1327 -0.0205491
1328 -0.0205699
1329 -0.0205907
1330 -0.0206115
1331 -0.0206324
1332 -0.0206532
1333 -0.020674
1334 -0.0206948
1335 -0.0207156
1336 -0.0207365
1337 -0.0207573
1338 -0.0207781
1339 -0.0207989
1340 -0.0208198
1341 -0.0208406
1342 -0.0208614
1343 -0.0208822
1344 -0.020903
1345 -0.0209239
1346 -0.0209447
1347 -0.0209655
1348 -0.0209624
1349 -0.0209592
1350 -0.0209561
1351 -0.020953
1352 -0.0209498
1353 -0.0209467
1354 -0.0209435
1355 -0.0209404
1356 -0.0209373
1357 -0.0209341
1358 -0.020931
1359 -0.0209279
1360 -0.0209247
1361 -0.0209216
1362 -0.0209185
1363 -0.0209153
1364 -0.0209122
1365 -0.0209091
1366 -0.0209059
1367 -0.0209028
1368 -0.0208996
1369 -0.0208965
1370 -0.0208934
1371 -0.0208902
1372 -0.0208871
1373 -0.020884
1374 -0.0208808
1375 -0.0208777
1376 -0.0208746
1377 -0.0208714
1378 -0.0208683
1379 -0.0208652
1380 -0.020862
1381 -0.0208589
1382 -0.0208557
1383 -0.0208526
1384 -0.0208495
1385 -0.0208463
1386 -0.0208432
1387 -0.0208401
1388 -0.0208369
1389 -0.0208338
1390 -0.0208307
1391 -0.0208275
1392 -0.0208244
1393 -0.0208213
1394 -0.0208181
1395 -0.020815
1396 -0.0208118
1397 -0.0208087
1398 -0.0208056
1399 -0.0208024
1400 -0.0207993
1401 -0.0208303
1402 -0.0208613
1403 -0.0208923
1404 -0.0209233
1405 -0.0209543
1406 -0.0209853
1407 -0.0210163
1408 -0.0210473
1409 -0.0210783
1410 -0.0211093
1411 -0.0211403
1412 -0.0211713
1413 -0.0212023
1414 -0.0212333
1415 -0.0212643
1416 -0.0212953
1417 -0.0213263
1418 -0.0213573
1419 -0.0213883
1420 -0.0214193
1421 -0.0214503
1422 -0.0214813
1423 -0.0215123
1424 -0.0215433
1425 -0.0215743
1426 -0.0216054
1427 -0.0216364
1428 -0.0216674
1429 -0.0216984
1430 -0.0217294
1431 -0.0217604
1432 -0.0217914
1433 -0.0218224
1434 -0.0218534
1435 -0.0218844
1436 -0.0219154
1437 -0.0219464
1438 -0.0219774
1439 -0.0220084
1440 -0.0220394
1441 -0.0220704
1442 -0.0221014
1443 -0.0221324
1444 -0.0221634
1445 -0.0221944
1446 -0.0222254
1447 -0.0222564
1448 -0.0222874
1449 -0.0223184
1450 -0.0223494
1451 -0.0223804
1452 -0.0224114
1453 -0.0224424
1454 -0.0224734
1455 -0.0225044
1456 -0.0225354
1457 -0.0225664
1458 -0.0225974
1459 -0.0226284
1460 -0.0226594
1461 -0.0226904
1462 -0.0227214
1463 -0.0227524
1464 -0.0227834
1465 -0.0228144
1466 -0.0228454
1467 -0.0228764
1468 -0.0229074
1469 -0.0229384
1470 -0.0229694
1471 -0.0230004
1472 -0.0230314
1473 -0.0230624
1474 -0.0230934
1475 -0.0231245
1476 -0.0231555
1477 -0.0231865
1478 -0.0232175
1479 -0.0232485
1480 -0.0232795
1481 -0.0233105
1482 -0.0233415
1483 -0.0233725
1484 -0.0234035
1485 -0.0234345
1486 -0.0234655
1487 -0.0234965
1488 -0.0235275
1489 -0.0235585
1490 -0.0235895
1491 -0.0236205
1492 -0.0236515
1493 -0.0236825
1494 -0.0237135
1495 -0.0237445
1496 -0.0237755
1497 -0.0238065
1498 -0.0238375
1499 -0.0238685
1500 -0.0238995
1501 -0.0239572
1502 -0.0240148
1503 -0.0240725
1504 -0.0241301
1505 -0.0241878
1506 -0.0242454
1507 -0.0243031
1508 -0.0243607
1509 -0.0244184
1510 -0.024476
1511 -0.0245337
1512 -0.0245913
1513 -0.024649
1514 -0.0247066
1515 -0.0247643
1516 -0.0248219
1517 -0.0248796
1518 -0.0249373
1519 -0.0249949
1520 -0.0250526
1521 -0.0251102
1522 -0.0251679
1523 -0.0252255
1524 -0.0252832
1525 -0.0253408
1526 -0.0253985
1527 -0.0254561
1528 -0.0255138
1529 -0.0255714
1530 -0.0256291
1531 -0.0256867
1532 -0.0257444
1533 -0.025802
1534 -0.0258597
1535 -0.0259174
1536 -0.025975
1537 -0.0260327
1538 -0.0260903
1539 -0.026148
1540 -0.0262056
1541 -0.0262633
1542 -0.0263209
1543 -0.0263786
1544 -0.0264362
1545 -0.0264939
1546 -0.0265515
1547 -0.0266092
1548 -0.0266668
1549 -0.0267245
1550 -0.0267822
1551 -0.0268398
1552 -0.0268975
1553 -0.0269551
1554 -0.0270128
1555 -0.0270704
1556 -0.0271281
1557 -0.0271857
1558 -0.0272434
1559 -0.027301
1560 -0.0273587
1561 -0.0274163
1562 -0.027474
1563 -0.0275316
1564 -0.0275893
1565 -0.0276469
1566 -0.0277046
1567 -0.0277623
1568 -0.0278199
1569 -0.0278776
1570 -0.0279352
1571 -0.0279929
1572 -0.0280505
1573 -0.0281082
1574 -0.0281658
1575 -0.0282235
1576 -0.0282811
1577 -0.0283388
1578 -0.0283964
1579 -0.0284541
1580 -0.0285117
1581 -0.0285694
1582 -0.028627
1583 -0.0286847
1584 -0.0287424
1585 -0.0288
1586 -0.0288577
1587 -0.0289153
1588 -0.028973
1589 -0.0290306
1590 -0.0290883
1591 -0.0291459
1592 -0.0292036
1593 -0.0292612
1594 -0.0293189
1595 -0.0293765
1596 -0.0294342
1597 -0.0294918
1598 -0.0295495
1599 -0.0296071
1600 -0.0296648
1601 -0.0297186
1602 -0.0297723
1603 -0.0298261
1604 -0.0298798
1605 -0.0299336
1606 -0.0299874
1607 -0.0300411
1608 -0.0300949
1609 -0.0301487
1610 -0.0302024
1611 -0.0302562
1612 -0.0303099
1613 -0.0303637
1614 -0.0304175
1615 -0.0304712
1616 -0.030525
1617 -0.0305788
1618 -0.0306325
1619 -0.0306863
1620 -0.03074
1621 -0.0307938
1622 -0.0308476
1623 -0.0309013
1624 -0.0309551
1625 -0.0310089
1626 -0.0310626
1627 -0.0311164
1628 -0.0311701
1629 -0.0312239
1630 -0.0312777
1631 -0.0313314
1632 -0.0313852
1633 -0.0314389
1634 -0.0314927
1635 -0.0315465
1636 -0.0316002
1637 -0.031654
1638 -0.0317078
1639 -0.0317615
1640 -0.0318153
1641 -0.031869
1642 -0.0319228
1643 -0.0319766
1644 -0.0320303
1645 -0.0320841
1646 -0.0321379
1647 -0.0321916
1648 -0.0322454
1649 -0.0322991
1650 -0.0323529
1651 -0.0324067
1652 -0.0324604
1653 -0.0325142
1654 -0.0325679
1655 -0.0326217
1656 -0.0326755
1657 -0.0327292
1658 -0.032783
1659 -0.0328368
1660 -0.0328905
1661 -0.0329443
1662 -0.032998
1663 -0.0330518
1664 -0.0331056
1665 -0.0331593
1666 -0.0332131
1667 -0.0332669
1668 -0.0333206
1669 -0.0333744
1670 -0.0334281
1671 -0.0334819
1672 -0.0335357
1673 -0.0335894
1674 -0.0336432
1675 -0.033697
1676 -0.0337507
1677 -0.0338045
1678 -0.0338582
1679 -0.033912
1680 -0.0339658
1681 -0.0340195
1682 -0.0340733
1683 -0.034127
1684 -0.0341808
1685 -0.0342346
1686 -0.0342883
1687 -0.0343421
1688 -0.0343959
1689 -0.0344496
1690 -0.0345034
1691 -0.0345571
1692 -0.0346109
1693 -0.0346647
1694 -0.0347184
1695 -0.0347722
1696 -0.034826
1697 -0.0348797
1698 -0.0349335
1699 -0.0349872
1700 -0.035041
1701 -0.0352389
1702 -0.0354369
1703 -0.0356348
1704 -0.0358328
1705 -0.0360307
1706 -0.0362287
1707 -0.0364266
1708 -0.0366246
1709 -0.0368225
1710 -0.0370205
1711 -0.0372184
1712 -0.0374163
1713 -0.0376143
1714 -0.0378122
1715 -0.0380102
1716 -0.0382081
1717 -0.0384061
1718 -0.038604
1719 -0.038802
1720 -0.0389999
1721 -0.0391978
1722 -0.0393958
1723 -0.0395937
1724 -0.0397917
1725 -0.0399896
1726 -0.0401876
1727 -0.0403855
1728 -0.0405835
1729 -0.0407814
1730 -0.0409793
1731 -0.0411773
1732 -0.0413752
1733 -0.0415732
1734 -0.0417711
1735 -0.0419691
1736 -0.042167
1737 -0.042365
1738 -0.0425629
1739 -0.0427609
1740 -0.0429588
1741 -0.0431567
1742 -0.0433547
1743 -0.0435526
1744 -0.0437506
1745 -0.0439485
1746 -0.0441465
1747 -0.0443444
1748 -0.0445424
1749 -0.0447403
1750 -0.0449382
1751 -0.0451362
1752 -0.0453341
1753 -0.0455321
1754 -0.04573
1755 -0.045928
1756 -0.0461259
1757 -0.0463239
1758 -0.0465218
1759 -0.0467198
1760 -0.0469177
1761 -0.0471156
1762 -0.0473136
1763 -0.0475115
1764 -0.0477095
1765 -0.0479074
1766 -0.0481054
1767 -0.0483033
1768 -0.0485013
1769 -0.0486992
1770 -0.0488972
1771 -0.0490951
1772 -0.049293
1773 -0.049491
1774 -0.0496889
1775 -0.0498869
1776 -0.0500848
1777 -0.0502828
1778 -0.0504807
1779 -0.0506787
1780 -0.0508766
1781 -0.0510745
1782 -0.0512725
1783 -0.0514704
1784 -0.0516684
1785 -0.0518663
1786 -0.0520643
1787 -0.0522622
1788 -0.0524602
1789 -0.0526581
1790 -0.0528561
1791 -0.053054
1792 -0.0532519
1793 -0.0534499
1794 -0.0536478
1795 -0.0538458
1796 -0.0540437
1797 -0.0542417
1798 -0.0544396
1799 -0.0546376
1800 -0.0548355
1801 -0.0552666
1802 -0.0556978
1803 -0.0561289
1804 -0.05656
1805 -0.0569911
1806 -0.0574223
1807 -0.0578534
1808 -0.0582845
1809 -0.0587157
1810 -0.0591468
1811 -0.0595779
1812 -0.060009
1813 -0.0604402
1814 -0.0608713
1815 -0.0613024
1816 -0.0617336
1817 -0.0621647
1818 -0.0625958
1819 -0.063027
1820 -0.0634581
1821 -0.0638892
1822 -0.0643203
1823 -0.0647515
1824 -0.0651826
1825 -0.0656137
1826 -0.0660449
1827 -0.066476
1828 -0.0669071
1829 -0.0673382
1830 -0.0677694
1831 -0.0682005
1832 -0.0686316
1833 -0.0690628
1834 -0.0694939
1835 -0.069925
1836 -0.0703561
1837 -0.0707873
1838 -0.0712184
1839 -0.0716495
1840 -0.0720807
1841 -0.0725118
1842 -0.0729429
1843 -0.073374
1844 -0.0738052
1845 -0.0742363
1846 -0.0746674
1847 -0.0750986
1848 -0.0755297
1849 -0.0759608
1850 -0.076392
1851 -0.0768231
1852 -0.0772542
1853 -0.0776853
1854 -0.0781165
1855 -0.0785476
1856 -0.0789787
1857 -0.0794099
1858 -0.079841
1859 -0.0802721
1860 -0.0807032
1861 -0.0811344
1862 -0.0815655
1863 -0.0819966
1864 -0.0824278
1865 -0.0828589
1866 -0.08329
1867 -0.0837211
1868 -0.0841523
1869 -0.0845834
1870 -0.0850145
1871 -0.0854457
1872 -0.0858768
1873 -0.0863079
1874 -0.086739
1875 -0.0871702
1876 -0.0876013
1877 -0.0880324
1878 -0.0884636
1879 -0.0888947
1880 -0.0893258
1881 -0.0897569
1882 -0.0901881
1883 -0.0906192
1884 -0.0910503
1885 -0.0914815
1886 -0.0919126
1887 -0.0923437
1888 -0.0927749
1889 -0.093206
1890 -0.0936371
1891 -0.0940682
1892 -0.0944994
1893 -0.0949305
1894 -0.0953616
1895 -0.0957928
1896 -0.0962239
1897 -0.096655
1898 -0.0970861
1899 -0.0975173
1900 -0.0979484
1901 -0.0991851
1902 -0.100422
1903 -0.101659
1904 -0.102895
1905 -0.104132
1906 -0.105369
1907 -0.106605
1908 -0.107842
1909 -0.109079
1910 -0.110316
1911 -0.111552
1912 -0.112789
1913 -0.114026
1914 -0.115263
1915 -0.116499
1916 -0.117736
1917 -0.118973
1918 -0.120209
1919 -0.121446
1920 -0.122683
1921 -0.12392
1922 -0.125156
1923 -0.126393
1924 -0.12763
1925 -0.128866
1926 -0.130103
1927 -0.13134
1928 -0.132577
1929 -0.133813
1930 -0.13505
1931 -0.136287
1932 -0.137524
1933 -0.13876
1934 -0.139997
1935 -0.141234
1936 -0.14247
1937 -0.143707
1938 -0.144944
1939 -0.146181
1940 -0.147417
1941 -0.148654
1942 -0.149891
1943 -0.151128
1944 -0.152364
1945 -0.153601
1946 -0.154838
1947 -0.156074
1948 -0.157311
1949 -0.158548
1950 -0.159785
1951 -0.161021
1952 -0.162258
1953 -0.163495
1954 -0.164731
1955 -0.165968
1956 -0.167205
1957 -0.168442
1958 -0.169678
1959 -0.170915
1960 -0.172152
1961 -0.173389
1962 -0.174625
1963 -0.175862
1964 -0.177099
1965 -0.178335
1966 -0.179572
1967 -0.180809
1968 -0.182046
1969 -0.183282
1970 -0.184519
1971 -0.185756
1972 -0.186993
1973 -0.188229
1974 -0.189466
1975 -0.190703
1976 -0.191939
1977 -0.193176
1978 -0.194413
1979 -0.19565
1980 -0.196886
1981 -0.198123
1982 -0.19936
1983 -0.200596
1984 -0.201833
1985 -0.20307
1986 -0.204307
1987 -0.205543
1988 -0.20678
1989 -0.208017
1990 -0.209254
1991 -0.21049
1992 -0.211727
