Estimated radiative forcings from individual components: 
  2) volcanic aerosols (two reconstructions)

Values are nominally adjusted forcings (W/m2) at the TOA, but specific
calulations using GCMs may give somewhat different results. The
baseline for each calculations is noted below. 

Sources, and calculation methodology from Schmidt et al (2010)
"Climate forcing reconstructions for use in PMIP simulations of the
Last Millennium (version 1.0)".
GRA: based on Gao, Robock and Ammmann
CEA: Based on Crowley et al

    GRA             CEA
850 0              -0.129486	    
851 0		   -0.354583	    
852 0		   -0.0810833	    
853 0		   -0.0180694	    
854 0		   -1.49408	    
855 -1.74764	   -1.20437	    
856 -1.02901	   -0.443	    
857 -0.191975	   -0.162958	    
858 -0.0328954	   -0.213333	    
859 -0.00551787	   -0.046875	    
860 -0.000404227   -0.0104306	    
861 0		   -0.00138889	    
862 0		   0		    
863 0		   0		    
864 0		   0		    
865 0		   0		    
866 0		   0		    
867 0		   0		    
868 0		   0		    
869 0		   0		    
870 0		   0		    
871 -1.71624	   0		    
872 -1.0397	   0		    
873 -0.195253	   0		    
874 -0.0335073	   -0.392528	    
875 -0.00562259	   -0.128208	    
876 -0.000405819   -0.09525	    
877 0		   -0.0215	    
878 -0.273786	   -0.003875	    
879 -0.182114	   -0.000430556    
880 -0.0348947	   0		    
881 -0.0060152	   -0.161667	    
882 -0.0010105	   -0.0483611	    
883 -6.97058e-05   -0.0107917	    
884 0		   -0.00144444	    
885 0		   0		    
886 0		   0		    
887 0		   0		    
888 0		   0		    
889 0		   0		    
890 0		   0		    
891 0		   0		    
892 0		   0		    
893 0		   0		    
894 -0.181671	   0		    
895 -0.120842	   0		    
896 -0.0231545	   -0.538333	    
897 -0.00399138	   -2.15044	    
898 -0.000670363   -0.888139	    
899 -0.303897	   -0.326764	    
900 -0.202112	   -0.120208	    
901 -0.0387266	   -0.157125	    
902 -1.58073	   -0.0393056	    
903 -0.973245	   -0.156389	    
904 -0.183511	   -0.0450556	    
905 -0.0315209	   -0.00979167	    
906 -0.00529054	   -0.00130556	    
907 -0.000378443   -0.08225	    
908 0		   -0.0222083	    
909 0		   -0.00497222	    
910 0		   -0.000611111    
911 0		   -0.629556	    
912 0		   -0.208694	    
913 0		   -0.0465417	    
914 0		   -0.00679167	    
915 0		   0		    
916 0		   0		    
917 0		   0		    
918 0		   -0.227278	    
919 0		   -0.0709722	    
920 0		   -0.0158194	    
921 0		   -0.00219444	    
922 0		   0		    
923 0		   0		    
924 0		   -0.341139	    
925 0		   -0.108722	    
926 0		   -0.02425	    
927 0		   -0.00338889	    
928 0		   0		    
929 0		   0		    
930 -0.847234	   0		    
931 -0.453212	   0		    
932 -0.0825463	   0		    
933 -0.014066	   0		    
934 -2.0353	   0		    
935 -1.35309	   0		    
936 -0.259265	   0		    
937 -0.0446928	   0		    
938 -0.00750825	   0		    
939 -0.000517531   -0.121306	    
940 -0.131905	   -0.450458	    
941 -0.0705601	   -0.296208	    
942 -0.0128515	   -0.0653611	    
943 -0.00218995	   -0.01275	    
944 -0.000366789   0		    
945 -2.83144e-05   0		    
946 -0.296237	   0		    
947 -0.162816	   -0.25975	    
948 -0.0293847	   -0.171944	    
949 -0.00499492	   -0.0383889	    
950 -0.000836063   -0.00741667	    
951 -5.88238e-05   0		    
952 0		   0		    
953 0		   0		    
954 0		   0		    
955 0		   0		    
956 0		   0		    
957 0		   -0.123639	    
958 0		   -0.0510278	    
959 0		   -0.0113611	    
960 0		   -0.00186111	    
961 0		   -0.269917	    
962 -1.33652	   -0.0850833	    
963 -0.748939	   -0.0189583	    
964 -0.138053	   -0.00265278	    
965 -0.0235902	   0		    
966 -0.00395411	   -0.189583	    
967 -0.000297705   -0.0574444	    
968 0		   -0.335056	    
969 0		   -0.104153	    
970 0		   -0.0228611	    
971 0		   -2.3255	    
972 0		   -1.89469	    
973 0		   -0.696986	    
974 0		   -0.390097	    
975 0		   -0.128389	    
976 0		   -0.00879167	    
977 0		   -0.00116667	    
978 0		   0		    
979 0		   0		    
980 0		   0		    
981 0		   0		    
982 0		   0		    
983 0		   0		    
984 0		   0		    
985 0		   -0.284167	    
986 0		   -0.0898611	    
987 0		   -0.0200833	    
988 -0.540251	   -0.0840833	    
989 -0.340874	   -0.246042	    
990 -0.065847	   -0.0971667	    
991 -0.0113743	   -1.14281	    
992 -0.00191171	   -0.755528	    
993 -0.000139528   -0.248403	    
994 0		   -0.0825417	    
995 0		   -0.248403	    
996 0		   -0.0693333	    
997 0		   -0.0155	    
998 0		   -0.00218056	    
999 0		   0		    
1000 0		    0		    
1001 0		    0		    
1002 -1.68628	    0		    
1003 -1.00035	    -0.392528	    
1004 -0.186957	    -0.128208	    
1005 -0.0320483	    -0.0285972	    
1006 -0.00537623    -0.517639	    
1007 -0.000392289   -0.16925	    
1008 0		    -0.0377361	    
1009 0		    -0.00551389    
1010 0		    -0.121306	    
1011 0		    -0.0347917	    
1012 0		    -0.00775	    
1013 0		    -0.001	    
1014 0		    0		    
1015 0		    -0.08225	    
1016 0		    -0.0222083	    
1017 0		    -0.00497222    
1018 0		    -0.803014	    
1019 -0.452258	    -0.264597	    
1020 -0.300828	    -0.0590139	    
1021 -0.0576416	    -0.473778	    
1022 -0.00993643    -0.152819	    
1023 -0.00166941    -0.0341111	    
1024 -0.000115036   -0.532486	    
1025 0		    -0.766514	    
1026 0		    -0.171528	    
1027 0		    -0.0378056	    
1028 0		    0		    
1029 0		    0		    
1030 0		    0		    
1031 -0.605747	    0		    
1032 -0.324033	    0		    
1033 -0.0590182	    0		    
1034 -0.0100568	    0		    
1035 -0.00168434    0		    
1036 -0.000130278   0		    
1037 0		    0		    
1038 0		    0		    
1039 0		    0		    
1040 0		    -0.570014	    
1041 -0.182055	    -1.57365	    
1042 -0.114869	    -0.799639	    
1043 -0.0221894	    -0.613903	    
1044 -0.00383296    -0.353014	    
1045 -0.000644291   -0.367806	    
1046 -4.70138e-05   -0.115306	    
1047 0		    -0.271375	    
1048 0		    -0.0781528	    
1049 0		    -0.0169028	    
1050 0		    -0.002375	    
1051 -0.283088	    0		    
1052 -0.151433	    0		    
1053 -0.0275814	    0		    
1054 -0.0046998	    0		    
1055 -0.000787141   0		    
1056 -6.08963e-05   0		    
1057 0		    0		    
1058 0		    0		    
1059 0		    0		    
1060 0		    -0.754222	    
1061 -0.164399	    -0.248069	    
1062 -0.109353	    -0.055375	    
1063 -0.020953	    -0.00806944    
1064 -0.00361203    -0.08225	    
1065 -0.000606912   -0.0222083	    
1066 -4.18246e-05   -0.00497222    
1067 0		    -0.393139	    
1068 0		    -0.128208	    
1069 0		    -0.0285972	    
1070 0		    -0.00415278    
1071 0		    0		    
1072 0		    0		    
1073 0		    0		    
1074 0		    -0.107444	    
1075 0		    -0.0304444	    
1076 0		    -0.140444	    
1077 0		    -0.0401667	    
1078 0		    -0.00879167    
1079 0		    -0.00116667    
1080 0		    0		    
1081 0		    0		    
1082 -1.35683	    0		    
1083 -0.844113	    0		    
1084 -0.159468	    0		    
1085 -0.0274029	    -0.0384167	    
1086 -0.00459976    -0.0325417	    
1087 -0.000327592   -0.00723611    
1088 0		    -0.00145833    
1089 0		    0		    
1090 0		    0		    
1091 0		    0		    
1092 0		    0		    
1093 0		    0		    
1094 0		    0		    
1095 -0.505296	    -0.0298472	    
1096 -0.270299	    -0.0629167	    
1097 -0.0492312	    -0.0140417	    
1098 -0.00838899    -0.00315278    
1099 -0.0014051	    -8.33333e-05   
1100 -0.000108605   -0.355444	    
1101 0		    -0.113486	    
1102 0		    -0.0253194	    
1103 0		    -0.00352778    
1104 0		    0		    
1105 0		    0		    
1106 0		    0		    
1107 0		    0		    
1108 0		    0		    
1109 0		    0		    
1110 0		    -0.0666667	    
1111 -0.326718	    -0.0173333	    
1112 -0.174772	    -0.373889	    
1113 -0.0318323	    -1.34865	    
1114 -0.00542429    -0.550611	    
1115 -0.000908515   -0.2025	    
1116 -7.02398e-05   -0.0745417	    
1117 0		    -0.0140694	    
1118 0		    -0.48925	    
1119 -0.289176	    -0.161056	    
1120 -0.154689	    -0.0359306	    
1121 -0.0281744	    -0.204028	    
1122 -0.004801	    -0.0614444	    
1123 -0.0879472	    -0.0137639	    
1124 -0.0481322	    -0.00191667    
1125 -0.00868679    0		    
1126 -0.00147656    0		    
1127 -0.000247153   0		    
1128 -1.73789e-05   -0.228125	    
1129 0		    -0.299111	    
1130 0		    -0.06675	    
1131 0		    -0.140014	    
1132 0		    -0.150139	    
1133 -0.205974	    -0.0335417	    
1134 -0.110182	    -0.0395972	    
1135 -0.0200681	    -0.0259861	    
1136 -0.00341968    -0.00579167    
1137 -0.000572868   -0.00118056    
1138 -4.42967e-05   -0.0280278	    
1139 0		    -0.00652778    
1140 0		    -0.0680972	    
1141 0		    -0.0174306	    
1142 0		    -0.003875	    
1143 -0.0833029	    -0.000430556   
1144 -0.0445614	    -0.0257222	    
1145 -0.00811639    -0.0491528	    
1146 -0.00138302    -0.0109444	    
1147 -0.000231643   -0.164083	    
1148 -1.7942e-05    -0.0483889	    
1149 0		    -0.0107917	    
1150 0		    -0.00144444    
1151 -0.215106	    -0.251014	    
1152 -0.115067	    -0.0787917	    
1153 -0.0209579	    -0.017625	    
1154 -0.00357121    -0.00247222    
1155 -0.000598054   -0.284167	    
1156 -4.62903e-05   -0.0898611	    
1157 0		    -0.0200833	    
1158 0		    -0.00280556    
1159 -2.25419	    0		    
1160 -1.23894	    -0.13825	    
1161 -0.223601	    -0.0407917	    
1162 -0.0380084	    -0.00911111    
1163 -0.00636199    -0.00122222    
1164 -0.000447744   0		    
1165 0		    -0.250417	    
1166 0		    -0.330431	    
1167 0		    -0.07375	    
1168 0		    -0.01625	    
1169 0		    -0.134347	    
1170 0		    -0.492958	    
1171 0		    -0.559028	    
1172 0		    -0.1715	    
1173 0		    -0.0342361	    
1174 0		    -0.00473611    
1175 0		    -0.0845972	    
1176 0		    -0.553125	    
1177 -2.5889	    -0.171944	    
1178 -2.21426	    -0.0381667	    
1179 -0.43162	    -0.00490278    
1180 -0.0746985	    0		    
1181 -0.0125619	    -0.0666667	    
1182 -0.00108508    -0.0173333	    
1183 0		    -0.003875	    
1184 0		    -0.227361	    
1185 0		    -0.0783889	    
1186 0		    -0.0174583	    
1187 0		    -0.00256944    
1188 0		    0		    
1189 -0.355567	    -0.0499444	    
1190 -0.224347	    -0.0122778	    
1191 -0.0433373	    -0.00276389    
1192 -0.00748606    -0.000277778   
1193 -0.00125835    -1.6981	    
1194 -9.18778e-05   -1.38981	    
1195 0		    -0.510958	    
1196 0		    -0.633806	    
1197 0		    -0.211681	    
1198 0		    -0.454222	    
1199 0		    -0.142819	    
1200 0		    -0.0308194	    
1201 0		    -0.00448611    
1202 0		    0		    
1203 0		    -0.203417	    
1204 0		    -0.0568611	    
1205 0		    -0.155292	    
1206 0		    -0.175056	    
1207 0		    -0.03875	    
1208 0		    -0.00843056    
1209 0		    0		    
1210 0		    0		    
1211 0		    0		    
1212 0		    0		    
1213 0		    0		    
1214 -4.73715	    0		    
1215 -2.91688	    0		    
1216 -0.557278	    -0.0666667	    
1217 -0.0960209	    -0.0173333	    
1218 -0.0161295	    -0.003875	    
1219 -0.00117095    -0.0584028	    
1220 0		    -0.0559722	    
1221 0		    -0.0124444	    
1222 0		    -0.187583	    
1223 0		    -0.0559583	    
1224 0		    -0.0124444	    
1225 0		    -0.490944	    
1226 0		    -0.161056	    
1227 0		    -0.0359306	    
1228 0		    -2.60057	    
1229 0		    -4.97674	    
1230 0		    -2.46368	    
1231 0		    -0.884986	    
1232 0		    -0.564056	    
1233 -1.41037	    -0.389542	    
1234 -0.754449	    -0.547069	    
1235 -0.137413	    -0.171944	    
1236 -0.0234152	    -0.276306	    
1237 -0.00392201    -0.0807083	    
1238 -0.000303232   -0.0169028	    
1239 0		    -0.002375	    
1240 0		    0		    
1241 0		    0		    
1242 0		    0		    
1243 0		    0		    
1244 0		    0		    
1245 0		    0		    
1246 0		    0		    
1247 0		    -0.116708	    
1248 0		    -0.0333472	    
1249 0		    -0.00744444    
1250 0		    -0.000958333   
1251 0		    -0.116708	    
1252 0		    -0.0333472	    
1253 0		    -0.00744444    
1254 0		    -0.000958333   
1255 0		    0		    
1256 0		    0		    
1257 0		    -1.56983	    
1258 0		    -11.2387	    
1259 -20.7035	    -5.1144	    
1260 -12.2913	    -0.856306	    
1261 -2.29754	    -0.110361	    
1262 -0.393862	    -0.0110972	    
1263 -0.0660729	    -0.00129167    
1264 -0.00482007    0		    
1265 0		    0		    
1266 0		    0		    
1267 0		    0		    
1268 0		    -0.999986	    
1269 -1.57271	    -0.459667	    
1270 -0.841292	    -0.216361	    
1271 -0.15323	    -0.0423472	    
1272 -0.0261104	    -0.00679167    
1273 -0.00437327    -0.175653	    
1274 -0.000338196   -0.0529444	    
1275 0		    -0.274514	    
1276 -6.21896	    -0.349417	    
1277 -3.38079	    -0.335444	    
1278 -0.61838	    -0.358042	    
1279 -0.105477	    -0.0760972	    
1280 -0.0176715	    -0.0167917	    
1281 -0.00135374    -0.147569	    
1282 0		    -0.180139	    
1283 0		    -0.0401667	    
1284 0		    -0.00873611    
1285 -4.68397	    -0.682361	    
1286 -2.69805	    -3.51881	    
1287 -0.500725	    -2.90565	    
1288 -0.0856971	    -1.07043	    
1289 -0.0143701	    -0.554722	    
1290 -0.00106545    -0.330097	    
1291 0		    -0.0446389	    
1292 0		    -0.00972222    
1293 0		    -0.133639	    
1294 0		    -0.266583	    
1295 0		    -0.0797639	    
1296 0		    -0.326764	    
1297 0		    -0.416153	    
1298 0		    -0.0923333	    
1299 0		    -0.0203333	    
1300 0		    0		    
1301 0		    -0.465333	    
1302 0		    -0.433569	    
1303 0		    -0.0967917	    
1304 0		    -0.0202222	    
1305 0		    0		    
1306 0		    -0.0139722	    
1307 0		    -0.183556	    
1308 -0.119729	    -0.339333	    
1309 -0.0640467	    -0.102069	    
1310 -0.0116652	    -0.0216944	    
1311 -0.00198781    -0.00280556    
1312 -0.000332959   -0.48925	    
1313 -2.57192e-05   -0.161056	    
1314 0		    -0.0359306	    
1315 0		    -0.00526389    
1316 0		    -0.125319	    
1317 -0.185681	    -0.150139	    
1318 -0.0993267	    -0.0335417	    
1319 -0.0180909	    -0.00726389    
1320 -0.00308286    -0.161667	    
1321 -0.00051627    -0.0483611	    
1322 -3.99185e-05   -0.0107917	    
1323 0		    -0.00144444    
1324 0		    0		    
1325 0		    0		    
1326 0		    0		    
1327 0		    -0.147569	    
1328 0		    -0.180139	    
1329 -1.26018	    -0.172917	    
1330 -0.838234	    -0.500333	    
1331 -0.160614	    -1.2524	    
1332 -0.0276871	    -0.531292	    
1333 -0.00465132    -0.184847	    
1334 -0.000320615   -0.0661111	    
1335 0		    -0.0116944	    
1336 0		    -0.227278	    
1337 0		    -0.0709722	    
1338 0		    -0.0158194	    
1339 0		    -0.376458	    
1340 0		    -0.497444	    
1341 0		    -0.388583	    
1342 -2.94686	    -0.393167	    
1343 -1.62319	    -0.08225	    
1344 -0.297907	    -0.182	    
1345 -0.0508544	    -0.615042	    
1346 -0.0085217	    -0.141292	    
1347 -0.000647897   -0.301528	    
1348 0		    -0.0871111	    
1349 0		    -0.0189583	    
1350 0		    -0.00265278    
1351 0		    0		    
1352 0		    0		    
1353 0		    -0.175653	    
1354 0		    -0.165069	    
1355 0		    -0.0436667	    
1356 0		    -0.00872222    
1357 0		    -0.0675694	    
1358 0		    -0.179	    
1359 -0.110597	    -0.0522361	    
1360 -0.0591618	    -0.0934583	    
1361 -0.0107755	    -0.0236667	    
1362 -0.00183608    -0.00497222    
1363 -0.000307545   -0.000611111   
1364 -2.37877e-05   0		    
1365 0		    0		    
1366 0		    -0.147625	    
1367 0		    -0.0438889	    
1368 0		    -0.00979167    
1369 0		    -0.422875	    
1370 0		    -0.138056	    
1371 -0.336507	    -0.0308194	    
1372 -0.212321	    -0.507361	    
1373 -0.0410142	    -0.15725	    
1374 -0.00708471    -0.0350972	    
1375 -0.00119096    -0.00483333    
1376 -8.69099e-05   -0.326917	    
1377 0		    -0.104028	    
1378 0		    -0.0231806	    
1379 0		    -0.00323611    
1380 0		    0		    
1381 0		    -0.169903	    
1382 -0.534721	    -0.210236	    
1383 -0.286039	    -0.0469028	    
1384 -0.0520982	    -0.0101944	    
1385 -0.0088776	    -0.251014	    
1386 -0.00148699    -0.0787917	    
1387 -0.000114995   -0.017625	    
1388 0		    -0.238014	    
1389 0		    -0.309569	    
1390 0		    -0.0690417	    
1391 0		    -0.0151944	    
1392 0		    0		    
1393 0		    0		    
1394 0		    0		    
1395 0		    0		    
1396 0		    0		    
1397 0		    0		    
1398 0		    0		    
1399 0		    -0.126569	    
1400 0		    -0.0617917	    
1401 0		    -0.0137778	    
1402 0		    -0.00243056    
1403 0		    0		    
1404 0		    0		    
1405 0		    -0.06875	    
1406 0		    -0.0705972	    
1407 0		    -0.0157639	    
1408 0		    -0.226458	    
1409 0		    -0.292208	    
1410 0		    -0.0652361	    
1411 0		    -0.265347	    
1412 0		    -0.0787917	    
1413 0		    -0.017625	    
1414 0		    -0.150056	    
1415 0		    -0.0438889	    
1416 0		    -0.00979167    
1417 -0.778091	    -0.00130556    
1418 -0.461797	    0		    
1419 -0.0863148	    0		    
1420 -0.0147964	    -0.170917	    
1421 -0.00248214    -0.0514028	    
1422 -0.000181121   -0.281417	    
1423 0		    -0.0866528	    
1424 0		    -0.0189583	    
1425 0		    -0.00265278    
1426 0		    0		    
1427 0		    -0.379889	    
1428 0		    -0.116528	    
1429 0		    -0.0260278	    
1430 0		    -0.00356944    
1431 0		    0		    
1432 0		    0		    
1433 0		    0		    
1434 0		    0		    
1435 0		    -0.156903	    
1436 0		    -0.046875	    
1437 0		    -0.0104306	    
1438 0		    -0.00138889    
1439 0		    0		    
1440 0		    0		    
1441 0		    -0.496264	    
1442 0		    -1.96749	    
1443 0		    -0.808278	    
1444 0		    -0.297361	    
1445 0		    -0.242972	    
1446 0		    -0.0607778	    
1447 0		    -0.00879167    
1448 0		    -0.00116667    
1449 0		    0		    
1450 0		    0		    
1451 0		    -0.431292	    
1452 0		    -0.141292	    
1453 -12.2791	    -0.0315278	    
1454 -6.94005	    -0.303042	    
1455 -1.28201	    -1.12194	    
1456 -0.219177	    -5.43521	    
1457 -0.0367425	    -3.85533	    
1458 -0.00275284    -1.77763	    
1459 0		    -1.17868	    
1460 -1.40091	    -0.948181	    
1461 -0.931844	    -0.171528	    
1462 -0.17855	    -0.0378056	    
1463 -0.030779	    -0.235542	    
1464 -0.00517082    -0.309569	    
1465 -0.00035644    -0.0690417	    
1466 0		    -0.0151944	    
1467 0		    -0.0417222	    
1468 0		    -0.0367222	    
1469 0		    -0.00818056    
1470 0		    -0.00168056    
1471 0		    -0.161667	    
1472 0		    -0.0483611	    
1473 0		    -0.0107917	    
1474 0		    -0.271347	    
1475 -0.336864	    -0.0850833	    
1476 -0.180199	    -0.0189583	    
1477 -1.05671	    -0.00265278    
1478 -0.551232	    0		    
1479 -0.104006	    0		    
1480 -0.017865	    -0.223111	    
1481 -0.602614	    -0.292208	    
1482 -0.209155	    -0.161125	    
1483 -0.0384399	    -0.0407917	    
1484 -0.00656193    -0.00590278    
1485 -0.00109958    -0.000708333   
1486 0		    0		    
1487 0		    0		    
1488 0		    0		    
1489 0		    -0.161667	    
1490 0		    -0.0483611	    
1491 0		    -0.0107917	    
1492 0		    -0.00144444    
1493 0		    -0.208264	    
1494 0		    -0.271333	    
1495 0		    -0.0605694	    
1496 0		    -0.0133194	    
1497 0		    -0.147625	    
1498 0		    -0.0438889	    
1499 0		    -0.00979167    
1500 0		    -0.00130556    
1501 0		    0		    
1502 0		    0		    
1503 0		    -0.198819	    
1504 -0.110026	    -0.0614444	    
1505 -0.0731859	    -0.161389	    
1506 -0.0140232	    -0.167125	    
1507 -0.00241731    -0.0445833	    
1508 -0.000406154   -0.423028	    
1509 -2.7952e-05    -0.243083	    
1510 0		    -0.0540139	    
1511 0		    -0.0101806	    
1512 0		    0		    
1513 -0.271227	    0		    
1514 -0.180412	    0		    
1515 -0.0345687	    -0.326917	    
1516 -0.00595902    -0.104028	    
1517 -0.0010011	    -0.0231806	    
1518 -6.90035e-05   -0.00323611    
1519 0		    0		    
1520 0		    -0.0711944	    
1521 0		    -0.152319	    
1522 0		    -0.0434861	    
1523 0		    -0.0759167	    
1524 0		    -0.161417	    
1525 0		    -0.180556	    
1526 0		    -0.502889	    
1527 -0.226449	    -0.1145	    
1528 -0.150627	    -0.05325	    
1529 -0.0288614	    -0.00811111    
1530 -0.00497524    -0.0680972	    
1531 -0.000835773   -0.0174306	    
1532 -5.76059e-05   -0.003875	    
1533 0		    -0.0387917	    
1534 0		    -0.00905556    
1535 -0.310356	    -0.002	    
1536 -0.271734	    -0.136944	    
1537 -0.0507705	    -0.283222	    
1538 -0.00870643    -0.063375	    
1539 -0.00146064    -0.0281111	    
1540 -0.00015829    -0.00356944    
1541 0		    -0.00075	    
1542 0		    -0.227347	    
1543 0		    -0.0709722	    
1544 0		    -0.0158194	    
1545 0		    -0.00219444    
1546 0		    0		    
1547 0		    0		    
1548 0		    0		    
1549 0		    0		    
1550 0		    0		    
1551 0		    0		    
1552 0		    0		    
1553 0		    -0.244861	    
1554 0		    -0.555375	    
1555 0		    -0.245986	    
1556 0		    -0.062625	    
1557 0		    -0.00869444    
1558 0		    -0.001	    
1559 0		    0		    
1560 0		    0		    
1561 0		    -0.605431	    
1562 0		    -0.200444	    
1563 0		    -0.371625	    
1564 0		    -0.110583	    
1565 0		    -0.0231806	    
1566 0		    -0.00323611    
1567 0		    -0.246264	    
1568 0		    -0.141181	    
1569 0		    -0.0315278	    
1570 0		    -0.218931	    
1571 0		    -0.307611	    
1572 0		    -0.174208	    
1573 0		    -0.294806	    
1574 0		    -0.0651528	    
1575 0		    -0.458625	    
1576 0		    -1.06792	    
1577 0		    -0.387694	    
1578 0		    -0.405139	    
1579 0		    -0.130792	    
1580 0		    -0.242833	    
1581 0		    -0.0641806	    
1582 0		    -0.0137639	    
1583 0		    -0.214792	    
1584 0		    -0.0661667	    
1585 -1.54804	    -1.05844	    
1586 -1.02971	    -0.363569	    
1587 -0.197302	    -0.0806528	    
1588 -0.0340115	    -0.300694	    
1589 -0.00571386    -0.0914167	    
1590 -0.000393897   -0.0204028	    
1591 0		    -0.201667	    
1592 0		    -0.0614444	    
1593 0		    -0.387306	    
1594 -0.967977	    -1.36651	    
1595 -0.517802	    -0.557319	    
1596 -0.0943104	    -0.418	    
1597 -0.0160706	    -0.141583	    
1598 -0.0026917	    -0.0289306	    
1599 -0.00020816    -0.00206944    
1600 0		    -2.93875	    
1601 -4.76422	    -2.63657	    
1602 -1.93677	    -1.00775	    
1603 -0.357171	    -0.370694	    
1604 -0.0610235	    -0.130694	    
1605 -0.0102283	    0		    
1606 -0.000275107   0		    
1607 0		    -0.253944	    
1608 0		    -0.0814444	    
1609 0		    -0.0181528	    
1610 0		    -0.128444	    
1611 0		    -0.03625	    
1612 0		    -0.00808333    
1613 0		    -0.103903	    
1614 0		    -0.275278	    
1615 0		    -0.0837083	    
1616 0		    -0.0180417	    
1617 0		    -0.00240278    
1618 0		    0		    
1619 0		    0		    
1620 -0.530663	    0		    
1621 -0.283868	    -0.501903	    
1622 -0.0517028	    -0.654889	    
1623 -0.00881024    -0.146111	    
1624 -0.00147575    -0.0320556	    
1625 -0.000114093   0		    
1626 0		    -0.08225	    
1627 0		    -0.0222083	    
1628 0		    -0.00497222    
1629 0		    -0.000611111   
1630 0		    -0.203528	    
1631 0		    -0.0630278	    
1632 0		    -0.0140417	    
1633 0		    -0.00197222    
1634 0		    0		    
1635 0		    0		    
1636 0		    0		    
1637 0		    0		    
1638 0		    0		    
1639 0		    0		    
1640 0		    -0.439944	    
1641 0		    -3.13796	    
1642 -4.95958	    -2.01796	    
1643 -1.60448	    -0.7235	    
1644 -0.290778	    -0.255833	    
1645 -0.0494718	    -0.53175	    
1646 -0.00828274    -0.146222	    
1647 0		    -0.0325972	    
1648 0		    -0.00473611    
1649 0		    0		    
1650 0		    0		    
1651 0		    0		    
1652 0		    0		    
1653 0		    0		    
1654 0		    0		    
1655 0		    0		    
1656 0		    0		    
1657 0		    0		    
1658 0		    0		    
1659 0		    0		    
1660 0		    0		    
1661 0		    0		    
1662 0		    -0.260486	    
1663 0		    -0.0819444	    
1664 0		    -0.0183194	    
1665 0		    -0.00256944    
1666 0		    0		    
1667 0		    -0.341153	    
1668 0		    -0.950819	    
1669 0		    -0.221792	    
1670 0		    -0.0494583	    
1671 0		    -0.00218056    
1672 0		    0		    
1673 0		    -1.39046	    
1674 -1.2549	    -2.56839	    
1675 -0.911779	    -0.970972	    
1676 -0.171321	    -0.357194	    
1677 -0.0294098	    -0.130514	    
1678 -0.00493565    -0.0153333	    
1679 -0.000451756   0		    
1680 0		    -0.417806	    
1681 0		    -0.3655	    
1682 0		    -0.134417	    
1683 0		    -0.0495278	    
1684 0		    -0.0173194	    
1685 0		    0		    
1686 0		    -0.118542	    
1687 0		    -0.0666667	    
1688 0		    -0.0384583	    
1689 0		    -0.0123056	    
1690 0		    -0.003375	    
1691 0		    -6.94444e-05   
1692 0		    0		    
1693 0		    0		    
1694 -2.17892	    -2.10775	    
1695 -1.90777	    -3.163	    
1696 -0.356446	    -3.41579	    
1697 -0.0611257	    -1.50754	    
1698 -0.0102551	    -0.653389	    
1699 -0.00111117    -0.181069	    
1700 0		    -0.0821111	    
1701 0		    -0.00995833    
1702 0		    -0.0403889	    
1703 0		    -0.00920833    
1704 0		    -0.109472	    
1705 0		    -0.0306111	    
1706 0		    -0.0890556	    
1707 0		    -0.0230694	    
1708 0		    -0.00497222    
1709 0		    -0.000611111   
1710 0		    0		    
1711 0		    0		    
1712 -0.391655	    0		    
1713 -0.209509	    0		    
1714 -0.0381593	    0		    
1715 -0.00650231    -0.0139722	    
1716 -0.00108903    -0.00325	    
1717 -8.42339e-05   -0.00075	    
1718 0		    -6.94444e-05   
1719 0		    0		    
1720 -2.01501	    -0.102875	    
1721 -1.34032	    -0.0290278	    
1722 -0.256819	    -0.00648611    
1723 -0.0442712	    -0.0507778	    
1724 -0.00743752    -0.0122778	    
1725 -0.000512677   -0.00276389    
1726 0		    -0.000277778   
1727 0		    0		    
1728 0		    0		    
1729 0		    0		    
1730 -0.371244	    0		    
1731 -0.833856	    -0.48925	    
1732 -0.173609	    -0.161056	    
1733 -0.030493	    -0.0359306	    
1734 -0.00514744    -0.00526389    
1735 -0.000663448   0		    
1736 0		    0		    
1737 0		    0		    
1738 0		    0		    
1739 -0.179536	    -0.346431	    
1740 -0.305087	    -0.691653	    
1741 -0.0587965	    -0.153917	    
1742 -0.0101592	    -0.0343611	    
1743 -0.00170782    -0.000791667   
1744 -0.000223818   0		    
1745 0		    0		    
1746 0		    0		    
1747 0		    -0.102875	    
1748 0		    -0.0290278	    
1749 0		    -0.00648611    
1750 0		    -0.000805556   
1751 0		    0		    
1752 0		    0		    
1753 0		    0		    
1754 0		    0		    
1755 0		    0		    
1756 -0.0909403	    0		    
1757 -0.663648	    0		    
1758 -0.151135	    0		    
1759 -0.0269382	    0		    
1760 -0.004564	    -0.0959722	    
1761 -0.000681588   -0.0264167	    
1762 -1.93178	    -0.479403	    
1763 -7.0444	    -0.148903	    
1764 -1.55891	    -0.0330556	    
1765 -0.277146	    -0.00459722    
1766 -0.0469259	    0		    
1767 -0.00666349    0		    
1768 0		    0		    
1769 0		    0		    
1770 0		    0		    
1771 0		    0		    
1772 0		    -0.112125	    
1773 0		    -0.0318889	    
1774 0		    -0.00713889    
1775 0		    -0.000902778   
1776 0		    0		    
1777 0		    0		    
1778 0		    -0.107444	    
1779 0		    -0.112667	    
1780 0		    -0.0290556	    
1781 0		    -0.005875	    
1782 0		    -0.000611111   
1783 0		    -0.176542	    
1784 0		    -0.835472	    
1785 0		    -0.193875	    
1786 0		    -0.0432361	    
1787 0		    -0.00315278    
1788 0		    -0.213028	    
1789 0		    -0.0661667	    
1790 0		    -0.0147639	    
1791 0		    -0.00206944    
1792 0		    0		    
1793 0		    0		    
1794 0		    0		    
1795 -0.20712	    0		    
1796 -0.0895458	    -0.355444	    
1797 -0.435988	    -0.113486	    
1798 -0.285085	    -0.0253194	    
1799 -0.054625	    -0.00352778    
1800 -0.00941644    0		    
1801 -0.00158191    -0.24625	    
1802 -0.000109051   -0.0772222	    
1803 0		    -0.0172361	    
1804 0		    -0.368653	    
1805 0		    -0.111931	    
1806 0		    -0.0249306	    
1807 0		    -0.003375	    
1808 0		    0		    
1809 0		    -3.95007	    
1810 -4.42922	    -3.60625	    
1811 -2.6026	    -1.33696	    
1812 -0.485314	    -0.491917	    
1813 -0.0831501	    -0.174208	    
1814 -0.013947	    0		    
1815 -0.00102296    -3.97689	    
1816 -8.94887	    -7.28424	    
1817 -5.27857	    -3.87072	    
1818 -0.985201	    -1.46424	    
1819 -0.168832	    -0.538694	    
1820 -0.0283203	    -0.0625278	    
1821 -0.00207306    0		    
1822 0		    0		    
1823 0		    0		    
1824 0		    0		    
1825 0		    0		    
1826 0		    0		    
1827 0		    0		    
1828 0		    0		    
1829 0		    0		    
1830 0		    0		    
1831 0		    -0.1975	    
1832 -1.08747	    -1.96565	    
1833 -0.723349	    -0.968222	    
1834 -0.138601	    -0.356083	    
1835 -0.0238924	    -2.54128	    
1836 -3.86108	    -2.31201	    
1837 -1.24948	    -0.836014	    
1838 -0.226455	    -0.307625	    
1839 -0.038529	    -0.110958	    
1840 -0.00645077    -0.0757639	    
1841 0		    -0.0200694	    
1842 0		    -0.00445833    
1843 0		    -0.0827222	    
1844 0		    -0.0222083	    
1845 0		    -0.00497222    
1846 0		    -0.112736	    
1847 0		    -0.0318889	    
1848 0		    -0.00713889    
1849 0		    -0.000902778   
1850 0		    0		    
1851 0		    0		    
1852 0		    0		    
1853 0		    0		    
1854 0		    -0.188986	    
1855 0		    -0.0795694	    
1856 0		    -0.0177361	    
1857 0		    -0.00297222    
1858 0		    0		    
1859 0		    0		    
1860 0		    -0.0499444	    
1861 0		    -0.0353056	    
1862 -0.0126892	    -1.07554	    
1863 -0.530414	    -0.668167	    
1864 -0.132911	    -0.245778	    
1865 -0.0234301	    -0.090375	    
1866 -0.00395915    -0.028125	    
1867 -0.000639693   0		    
1868 0		    0		    
1869 0		    0		    
1870 0		    0		    
1871 0		    0		    
1872 0		    -0.024875	    
1873 0		    -0.162778	    
1874 0		    -0.0384028	    
1875 0		    -0.1935	    
1876 0		    -0.056625	    
1877 0		    -0.0124444	    
1878 0		    -0.00168056    
1879 0		    0		    
1880 0		    0		    
1881 0		    0		    
1882 0		    0		    
1883 0		    -0.409806	    
1884 -1.62912	    -3.13161	    
1885 -1.21188	    -1.45593	    
1886 -0.229026	    -0.905264	    
1887 -0.134366	    -0.315347	    
1888 -0.176293	    -0.0750139	    
1889 -0.0339752	    -0.00368056    
1890 -0.00587058    -0.0867778	    
1891 -0.000986736   -0.0236944	    
1892 -0.000129254   -0.0719167	    
1893 0		    -0.0179444	    
1894 0		    -0.003875	    
1895 0		    -0.000430556   
1896 0		    0		    
1897 0		    0		    
1898 0		    -0.13825	    
1899 0		    -0.0407917	    
1900 0		    -0.00911111    
1901 0		    -0.00122222    
1902 0		    -0.0834861	    
1903 -0.0843392	    -1.38407	    
1904 -0.435462	    -0.760125	    
1905 -0.0891004	    -0.279708	    
1906 -0.0155356	    -0.102861	    
1907 -0.00261757    -0.253486	    
1908 -0.000388074   -0.126125	    
1909 0		    -0.028125	    
1910 0		    -0.00522222    
1911 0		    0		    
1912 -0.533792	    -0.618597	    
1913 -0.602172	    -0.573083	    
1914 -0.119659	    -0.127417	    
1915 -0.0207999	    -0.0265556	    
1916 -0.00350186    -0.170917	    
1917 -0.000357551   -0.0514028	    
1918 0		    -0.0114444	    
1919 0		    -0.00154167    
1920 0		    0		    
1921 0		    -0.102875	    
1922 0		    -0.0290278	    
1923 0		    -0.00648611    
1924 0		    -0.228319	    
1925 0		    -0.0970556	    
1926 -0.514178	    -0.0216944	    
1927 -0.211051	    -0.00363889    
1928 -0.0391987	    0		    
1929 -0.00670879    -0.0492222	    
1930 -0.00112498    -0.0406528	    
1931 -2.95053e-05   -0.122681	    
1932 0		    -0.194917	    
1933 0		    -0.0530556	    
1934 0		    -0.0112778	    
1935 0		    -0.00122222    
1936 0		    0		    
1937 0		    0		    
1938 0		    0		    
1939 0		    0		    
1940 0		    0		    
1941 0		    0		    
1942 0		    0		    
1943 0		    0		    
1944 0		    0		    
1945 0		    0		    
1946 0		    0		    
1947 0		    0		    
1948 0		    0		    
1949 0		    0		    
1950 0		    0		    
1951 0		    0		    
1952 0		    0		    
1953 0		    0		    
1954 0		    0		    
1955 0		    0		    
1956 0		    -0.0959722	    
1957 0		    -0.0264167	    
1958 0		    -0.00590278    
1959 0		    -0.000708333   
1960 0		    0		    
1961 0		    0		    
1962 0		    0		    
1963 0		    -0.799736	    
1964 -1.87382	    -1.09893	    
1965 -0.705298	    -0.602889	    
1966 -0.127858	    -0.205542	    
1967 -0.0217567	    -0.0688611	    
1968 -0.00364262    -0.0111806	    
1969 -0.000103194   0		    
1970 0		    0		    
1971 0		    0		    
1972 0		    0		    
1973 0		    0		    
1974 0		    -0.00458333    
1975 0		    -0.488847	    
1976 0		    -0.299625	    
1977 -0.386459	    -0.110181	    
1978 -0.134132	    -0.0406806	    
1979 -0.0246518	    -0.0124583	    
1980 -0.00420822    0		    
1981 -0.000705174   0		    
1982 0		    -0.952181	    
1983 0		    -1.57626	    
1984 0		    -0.591347	    
1985 0		    -0.217528	    
1986 0		    -0.0799861	    
1987 0		    -0.007375	    
1988 0		    0		    
1989 0		    0		    
1990 0		    0		    
1991 0		    -0.740569	    
1992 -2.48151	    -2.62272	    
1993 -1.4524	    -1.06746	    
1994 -0.270582	    -0.392694	    
1995 -0.0463497	    -0.144333	    
1996 -0.00777391    -0.0271389	    
1997 -0.0005713	    0		    
1998 0		    0		    
1999 0		    0		    
2000 0		    0    
